[ 0.12460931 -0.00831312 -0.1673847  -0.18419453 -0.21092503 -0.1079616
 -0.08193292 -0.07450262  0.0576495   0.00978803]
[-0.48533766  0.68456211  0.45159688 -0.59091642 -0.27368486  0.09246323
 -0.11122023  0.29522798 -0.28822617 -0.76522146]
[-0.11765806  0.0826775  -0.35474717 -0.12396418 -0.49151436 -0.36254571
 -0.27982723 -0.10132153 -0.34411266 -0.35360121]
[-0.1736484   1.55989689  0.29769161 -0.8117273   1.32691948 -1.27526924
 -0.30909521  0.57410531 -0.80174055  0.82200599]
[ 0.03780878  0.50218986 -0.54837404 -0.75364513 -0.73197501 -0.65786819
 -0.03282571  0.10858741 -0.43005919 -0.24770773]
