0.40429365040496446
0.8731474316701352
0.17971583941034663
0.9323820454282413
0.9363561149580161
0.27864483292997155
0.0921940035870763
0.19231048790126837
0.4614786379440329
0.6762347785408357
0.4108206709853264
0.11278596740704405
0.4757446539485406
0.5308078749253154
0.9139731293034886
0.2580499543872552
0.6258199357662316
0.7790787524108864
0.5236913469879187
0.7559275319112898
0.19757818130996463
0.9582068448232357
0.4365111921288435
0.8499384724949531
0.15106491256584942
0.8226147734215155
0.3641958531467091
0.22354892610211297
0.6162188588781298
0.5426696081003622
0.9852296611244812
0.6110791778551302
0.8626856477579439
0.6181148329932632
0.5215242661192979
0.4668728219410204
0.47018928092927015
0.40482431603702207
0.17337920002380802
0.686583035091905
0.8626552132800623
0.7668147236379813
0.8891672772013814
0.14399200451402316
0.05216686440667628
0.35373054673513893
0.5920375141744351
0.7181191082477962
0.31303250149211703
0.5349547708995173
0.17725903393115106
0.7048046067141965
0.13087525417529067
0.22392322290134226
0.967723555623565
0.8890545217911349
0.18756575642865636
0.06755672478326569
0.0710116592205885
0.817150932401333
0.5469402397179494
0.6958413941429519
0.06304541306410227
0.33384012995464496
0.6711744060353008
0.32777207432656885
0.5522286099078589
0.09168850422299679
0.2612537244605556
0.7087796784221834
0.3991584217544446
0.8471621672074967
0.7180925054504976
0.003072185133906613
0.49926006127047096
0.2695936144021417
0.45582791139306866
0.9491225242090889
0.20537665215038547
0.3399911411596589
0.2995540443367314
0.130050822512646
0.6912841970857622
0.3756805954781235
0.49342992884945214
0.37640269998217357
0.07094331922836039
0.2450604881328442
0.18752305936841784
0.15827956607416438
0.43531731668863083
0.43498797748098506
0.03208916577122345
0.8911228274963855
0.6502924835861086
0.530603281297088
0.27061094217262205
0.8387754374148476
0.5954026757731161
0.8114776196285488
0.621160003651082
0.5108621053228157
0.7931579151741277
0.836734467071385
0.6674384510194785
0.053244840742467825
0.9994395134870085
0.29290685061023436
0.5613435781153877
0.28419652477918056
0.29409038855434055
0.8837523282729708
0.22936935619401622
0.029328017672940354
0.45989984098579295
0.20792811039946668
0.24507089200200738
0.19186606477522083
0.7137811844180575
0.3088544983245819
0.3148801535438208
0.09854503139442516
0.46140301132477446
0.795059255429198
0.720246968535252
0.7442902013136222
0.6496148813068486
0.5711533617237254
0.7880768220782416
0.3923091213020333
0.9946996226514622
0.9696578672346595
0.633909630499238
0.020365695365818448
0.4640117659271863
0.15940506795025766
0.6230477139407263
0.6386398557934176
0.6825675719699438
0.1467136213310618
0.4206576456811344
0.09866315319304575
0.017463409944285968
0.5167717352658626
0.5739962542541465
0.6515728340376831
0.5418993142917586
0.04137962502147874
0.20043311202168035
0.3710189641816649
0.8021201055873407
0.20341785690188652
0.9315945369003942
0.7541145781945969
0.9953238797050333
0.035366524051151704
0.8467794437107126
0.5520306013023702
0.5075018618828273
0.654200556185852
0.1857984460228721
0.3367646709086002
0.7194427856590713
0.351485454254603
0.6002070510890508
0.7103465064711864
0.21467173445239818
0.5567424022932838
0.1307185483415163
0.16982285539625974
0.09926514746159121
0.25418576306893803
0.07405063464277495
0.3586890660420665
0.3714259528457299
0.35911227886470665
0.37147186389792086
0.2029666108096011
0.42593784300319104
0.18117971900624386
0.7096283384924867
0.2269244053772026
0.9267294926256197
0.8585763574071815
0.9616148510054869
0.715199761039538
0.3895793174011004
0.895128239806894
0.5333571977813036
0.7282665637842733
0.4237266518454713
0.264820389542857
0.7154112501277972
0.6206029756563927
0.05453359535088409
0.9371319358482249
0.7425071263439126
0.4870575409133787
0.257620261865241
0.10290404226922267
0.28490645972251916
0.15427898019262476
0.8822350608984865
0.5274968584305263
0.9839462515309993
0.5107710044276335
0.5849129272972498
0.6690151295385216
0.31169970905862365
0.6438212431464605
0.4592871056830249
0.8406877765668794
0.8546537494434794
0.48993047821383806
0.6662881608759198
0.41567532883871305
0.057811921681184986
0.17090648310400802
0.9342660062164782
0.47339794686110737
0.8011224995859803
0.30084534838419963
0.40595313096108154
0.7005022873570043
0.30516160709377427
0.34159676226919466
0.47031021689231234
0.745388731500712
0.5401604135866482
0.23478470226934733
0.30742987448607517
0.9291875962444739
0.10912937226953812
0.9619757755204044
0.492455209225522
0.17987271691036844
0.8845431671015413
0.13684574155915585
0.5703473257025178
0.09919491333628061
0.01448780868074917
0.7848703669779201
0.1265150032838981
0.7332852253755497
0.13639938257762485
0.6925284474368053
0.277742356311955
0.22362769130239235
0.949987355410853
0.741758442290677
0.80498359950672
0.3864712070838878
0.7269248672570701
0.6760510100503297
0.02652026424989129
0.7923959083845592
0.5590636464004645
0.3643599865844558
0.24970687514645207
0.3639659178821337
0.6499532348839498
0.42603792156471043
0.28174031981959935
0.9704717161650029
0.08848033878411499
0.14550349468233548
0.291502314907891
0.37610817116839923
0.9312556066942147
0.36166429610463446
0.8064384001040638
0.6320494278874803
0.5139682009004527
0.9508367358747712
0.770861462232718
0.7450813577552736
0.7530275549208831
0.8113741202002096
0.10041543700240452
0.8306523164484219
0.05861988914310412
0.4887328347894987
0.9226671456260851
0.592996712304609
0.32017284568223336
0.538052764141084
0.6497051291866234
0.3345525859437376
0.5579216383612162
0.12824721306037823
0.8360751475192408
0.20181721514198692
0.7319920092780247
0.5604239133671424
0.4317145625249853
0.06424133972435453
0.010042431497002346
0.7414297728017825
0.9767935271374112
0.24479486614073143
0.9547422732144003
0.2893320346742726
0.7262100634149454
0.31514801854573615
0.25363007524801817
0.20910050106245281
0.40653069265773434
0.629419426325494
0.6568732753416423
0.3142705248789791
0.9636177429582153
0.07107738624225868
0.5683815450424238
0.6297305624382649
0.2971739213861818
0.004977838843478133
0.7225304100909352
0.5738126587802549
0.7130768014823919
0.6149953238835042
0.3201056417975632
0.24369631029492855
0.829157010076625
0.454027719157035
0.9673167636420297
0.9586971875139981
0.8834838535498649
0.5448144452063565
0.6717015183785653
0.9308926061241906
0.7402562217925919
0.7443775979537134
0.11561100440431049
0.120922817771281
0.32557928227136146
0.2341574549692247
0.690045624292695
0.207869284895
0.45546305041315316
0.41191937677278345
0.2923716693776859
0.3751683795822607
0.9547507254976664
0.8807775421069194
0.11342275552488912
0.8970008282083682
0.60419987641424
0.503873919221158
0.2620695049373406
0.5032697305981055
0.4340104966133248
0.2569031605584594
0.5652368298461149
0.729894703895984
0.07372158591460487
0.952570929500741
0.8389151543579018
0.05950824262914356
0.6751564437632697
0.3801491462024803
0.83010272679739
0.8097124337113187
0.6583009306159364
0.3456553752567032
0.8507452042138541
0.15733961666569185
0.11321968416594219
0.9776132390929484
0.6134356895727552
0.9247762559808047
0.9606873145484637
0.3706344248013632
0.5175547802562002
0.8435433465825324
0.8192878180457984
0.7501382707571865
0.8227680953332744
0.9526909767476598
0.33414263165936486
0.6736740476401255
0.01641843629373907
0.12090331671373755
0.62994497080898
0.8103611826546615
0.5435970279804287
0.22873066685390553
0.8160326632317396
0.22914414679900086
0.1611800512815621
0.18593540067991832
0.44978415805968974
0.654780590721285
0.9882623884892472
0.11422774013630699
0.7265355009564184
0.769276459613679
0.22716915045168495
0.5257271624020466
0.09165053893825437
0.09735009338364398
0.30350775615664316
0.839343738795735
0.1885134970903345
0.8009464150983922
0.23302476370901148
0.7317178143374483
0.6407437982560614
0.4302346064872392
0.7131743165818363
0.7343253356218942
0.2531629550450054
0.6895435684450346
0.2638786612939933
0.48535715366582066
0.06259496098518536
0.9935165379281189
0.7448823165360039
0.8443055853455229
0.941763820012287
0.7865385122677483
0.17972621776462228
0.013777179605937162
0.23685522794648028
0.8849292826270367
0.0801711018731659
0.5722208936209613
0.28246970025563256
0.47336485171456855
0.9146448386775313
0.22614939637058096
0.2425884519304491
0.9315635211364397
0.8431918584316089
0.6132414594260424
0.035324869193644415
0.49887542767843895
0.674858825802879
0.43491459336647875
0.30298568652575264
0.8340246752681822
0.7502255235352285
0.9966857985629831
0.3131795725642035
0.6575986418267369
0.10545716558588081
0.7231023299159403
0.7871641562862959
0.35700714159410285
0.05032816667350559
0.2380343552821783
0.19473562433757952
0.45771195485986016
0.5539998209470886
0.5634166651713269
0.6540760749471256
0.08166764073799548
0.1443744154003459
0.3967298035855843
0.40859442559407566
0.8402313237941771
0.9332183216653915
0.49644012985930797
0.25862399952278514
0.8736915938213096
0.9185005199592726
0.7372073081766927
0.7696013685420058
0.5358757196289997
0.46454721470101945
0.6786751540581708
0.36350890846548456
0.7488608374784107
0.7235301620176648
0.8602632880827755
0.4189328479798703
0.3110209518867505
0.7278888297922844
0.6014755213291562
0.3978811359976361
0.1695375679104092
0.3837372030268317
0.9131546246524782
0.05628759802137284
0.9569305388945105
0.7067660241237889
0.36295122706795835
0.41365631977887884
0.8557034387495744
0.7054193036830405
0.22561471908363018
0.8953353670977586
0.638924878990595
0.07603796135112428
0.49191463533694435
0.9000901867066378
0.8281014729064364
0.2396725141941093
0.9558949300276943
0.5170045564357529
0.41170150423087326
0.16044246000188078
0.48955822021020845
0.3785547637378266
0.939757652342061
0.3060866785886144
0.5687014692991847
0.34060746659676244
0.977409163241418
0.6736399029007873
0.5851850918175724
0.05824528064607737
0.7502691518010476
0.3806394969329191
0.004651370685064271
0.687660452415765
0.9186680667774424
0.7436166607784966
0.19015546270207317
0.796072255898798
0.998881263473319
0.6630548564506934
0.2500567429469832
0.016834054181430136
0.07755170042501358
0.3034297814882624
0.6654549508776127
0.2173022580195244
0.6165511237679149
0.8469347786849113
0.7278476809702902
0.26842978689004504
0.8632538989790361
0.6538934547382358
0.7223675872849004
0.4688443829969561
0.8432470237612945
0.7610411693702507
0.40427250732808884
0.13780596444008464
0.294655182203156
0.7401195231787815
0.9632145881748586
0.4207848117318592
0.14008790267345916
0.987076394875417
0.7450091414607887
0.38000017882026227
0.7819128134927679
0.20756366330165932
0.07788870753236954
0.3544459648917654
0.4729998136944359
0.5821978007099129
0.30738136815818295
0.12727615313706264
0.47558466366509755
0.6058606899024341
0.1260521705521801
0.8469023863476499
0.9632678304965455
0.20842939877993327
0.47618093914811266
0.3483510148478314
0.062370015721231575
0.00651694417699189
0.29888321149694086
0.7017289602216242
0.5548853691032285
0.7480754886780606
0.5288293807184807
0.13706837533404925
0.612867140915469
0.5683708052816543
0.5536794753930615
0.6721072549541659
0.6438654721072511
0.09006866534551272
0.5937939112682711
0.979691535808675
0.1950358675359829
0.3641879223562543
0.10441968908982946
0.5083425004142877
0.7517790782888919
0.40338808535295
0.3782847873183326
0.7583518263516845
0.9507963121118957
0.5325125086689348
0.017026576976833185
0.6765231882175549
0.35749691336945233
0.39329301707827113
0.6805837889834564
0.5183648854094633
0.4333792313557844
0.08795934143121997
0.11226130163231218
0.5188422198631836
0.043551222548632196
0.1923432624035375
0.8406964897571685
0.07338871949916836
0.4549727527008177
0.7686731440962117
0.02486670543837799
0.855477902848182
0.4993320704761134
0.3732181676253231
0.8247453706862967
0.03741767771651039
0.4765180968535665
0.193557285963875
0.4849378568716125
0.40994443857842633
0.19973082176502777
0.5754024278345962
0.6746897790310454
0.5730098130109091
0.5490860826972289
0.3602336573539262
0.7966620251744866
0.23128193299983946
0.23522082436364522
0.7373992476337679
0.10182254777786093
0.0452506961545488
0.18474466335277118
0.23551314830812498
0.053141613521524245
0.7923409712774571
0.531984362328095
0.7290596781165543
0.2553254551427785
0.6429155043475557
0.2756304779141372
0.13237948590165383
0.047012682448873244
0.11901739992782612
0.8457425439801
0.6162424418133208
0.7991772455395063
0.4155071594766314
0.08233210221542486
0.19548465570832974
0.592398321612757
0.21350622086912718
0.4906658732201469
0.24657109763534246
0.0707354382749279
0.46419901010056963
0.7793357260907282
0.6856384605505474
0.15901538657498204
0.49044061825563934
0.2886275231911163
0.5548999721904367
0.9809494896287732
0.1645618486888487
0.6776268103463026
0.7911012834358285
0.41578602672137366
0.3850128709876687
0.28718989156724584
0.3002815234214893
0.027636366778949095
0.938446620518867
0.24554478145477987
0.5862174607830922
0.3616205294868128
0.5973564711747894
0.6140469615308003
0.19880949272467896
0.26585135188787645
0.8785270338208261
0.4560972323759389
0.8837997057777045
0.1142509747288839
0.811082947173517
0.05869783843040066
0.005255993315502083
0.013608624145115544
0.3084351190905764
0.7429064508529941
0.7341817659564192
0.4586342705173476
0.44467802998416994
0.6825177372476583
0.5264838027926221
0.4913412545806052
0.6263465045857505
0.2441798749742995
0.11100860517808508
0.6888783220710432
0.24171260638542336
0.4748327152746884
0.6504706905662797
0.5395426888075835
0.4784155153127112
0.9525109538579751
0.8982404269778035
0.45404574764728733
0.6028792692239932
0.06759257846179367
0.558338427424592
0.8374889639679253
0.3627645741319123
0.1885051194337789
0.37086171410990787
0.1758355903694887
0.9867810805552311
0.10302893344333974
0.22411411896398636
0.9049029168883317
0.26334126585500905
0.5726165134814902
0.9993969576809854
0.628501901795071
0.7823620628907074
0.042969325250868384
0.0009039941316714151
0.9856922473068181
0.7896438759449032
0.8581898205024284
0.6616433754957425
0.4858717689888067
0.18934036698482404
0.8801907541281209
0.60934969533104
0.9332697852460897
0.6110738995852041
0.8656964096769971
0.12928486153865726
0.7177432511602884
0.2575948025865672
0.8467030779233093
0.2744991160236937
0.7002627418076643
0.5275588871522909
0.8552404834460189
0.3185962502775834
0.7762870982047518
0.7927187513558146
0.797245976534263
0.2692116436164548
0.12993214340756776
0.14947675585055065
0.4883729238648067
0.7791780504095847
0.9651039206271572
0.32511138510425874
0.09730203214519706
0.7772717859023067
0.7944803768662086
0.9366543232216673
0.9492051535020689
0.6233796086086582
0.516679903773485
0.5401503752435401
0.9684834277189961
0.31097557012909505
0.8080659119397323
0.7460871203915409
0.7736745163251313
0.7001910592035673
0.19595856907345055
0.3486952043073003
0.12202230307356965
0.7663109981679828
0.7489749522095767
0.9914108511846281
0.7612102440087863
0.12519841871491488
0.48582965577995674
0.48769029576812795
0.7441884661662933
0.09593458116411246
0.6782327554794827
0.2125814752839028
0.4125242212146579
0.30787472275122163
0.9234066784627205
0.32360642683463037
0.6588394107484905
0.7173919841783349
0.023947077154346852
0.2729222527137247
0.048427247137585394
0.929009879569785
0.1510769264187224
0.5360662571937281
0.47278404356119996
0.14844757947927234
0.9369867282574834
0.051954088197242565
0.7813339339695251
0.14795296217323406
0.440693157903138
0.41722246645987837
0.5792013830450585
0.9582561967768581
0.591009166157564
0.10572195368864568
0.6346373315915332
0.5650113356949922
0.015634910994891116
0.30010516248225605
0.3851570273600673
0.8918956339129411
0.7291370343657753
0.30744095576511865
0.11131879271005207
0.1864269040914519
0.24417811614650575
0.24704385567249731
0.6617004340118887
0.8289958176684362
0.0490888078060997
0.4050219302055019
0.27133936979540874
0.15362014745870456
0.4687596337684342
0.582670398006735
0.3877067431184338
0.19176247272903624
0.6548553139512313
0.7331210262082837
0.03027403795085437
0.651688343993397
0.2869632021922661
0.6299755830427399
0.4286958021276792
0.25346259858742193
0.7225486351447824
0.6689392260268558
0.6240261449478635
0.997165988908884
0.42489360141788124
0.8517546615365912
0.40801682706744447
0.26927587582480184
0.029229230116121774
0.23537420729665104
0.11363963311084146
0.49937612739901016
0.18001252242008237
0.02474271016395191
0.18999270232890253
0.7090022301359258
0.07225426481639152
0.2806895231712495
0.07128456166468677
0.7956287764704453
0.6576973623869357
0.6717161728468259
0.06821743133628311
0.19467460837300565
0.31284854733228107
0.06373990759479364
0.34566187476512944
0.7986439096719292
0.3003982085651481
0.2594758028835247
0.3085365505711094
0.148273747589028
0.14989727871087322
0.08312340493036141
0.9847653783715246
0.03825354096325695
0.4876008807716229
0.41193398645643686
0.7074725366482278
0.024401197259293572
0.48805420978100766
0.5873430009922983
0.30295778580934507
0.9695393369758117
0.28571695866959435
0.8364375538897995
0.9790338980613457
0.4072120600060237
0.13917875948753022
0.2863213619919003
0.19209344132401485
0.9026212562152711
0.721695527664878
0.334235591886359
0.6822194506172559
0.5311267211164526
0.9598805494587922
0.8213096513745001
0.33687999865607654
0.7181514207364661
0.4142572108101964
0.260119823135864
0.9189545962290252
0.20748742801350295
0.7398848769538936
0.890950424608567
0.6486629524838544
0.8349867295358118
0.5683950824823379
0.023069934324021935
0.1256364358034473
0.24868317891637892
0.5830433757668457
0.8855786396481987
0.5901562950362164
0.82117897397271
0.5067061815645254
0.010633615281705255
0.09053868298477963
0.7349297868399765
0.15881252988749572
0.6651183785340381
0.23499991542751775
0.3279858954944014
0.5153369595676219
0.5139988075634626
0.8857097743110427
0.3661787676907938
0.6741874919845815
0.7075674740652336
0.6516392606794281
0.014750465519117961
0.9677385149727395
0.26051820325892094
0.5692895096844244
0.3213756100056495
0.6562665310846971
0.7902067713950259
0.00898118691276717
0.4081042853650031
0.7161662304165338
0.07151219283449539
0.28606162442286853
0.1412630555747657
0.8844699096562635
0.5382002768505831
0.28927587753502415
0.7488356246581205
0.0052769866393955756
0.021859399268771895
0.26622533164963824
0.5756672930091669
0.04604155166153445
0.08114025663614521
0.7037942091106786
0.13230467772273358
0.11747776620267592
0.42230401284562025
0.9301228686837015
0.134432474669403
0.19635099122737232
0.6915745213296464
0.9704656986488979
0.8764377912026838
0.44751715294203165
0.07841277111112244
0.5506786301994769
0.37010300668192775
0.10003156403262592
0.2765736450836378
0.7449703120445363
0.9879100294386564
0.015618273002459104
0.9128186421506496
0.011254982021478677
0.13919213481608728
0.2212732064343963
0.1184932479984081
0.4857667335092988
0.5909284312206878
0.6326024189848988
0.5911513057177866
0.18428075594835525
0.6087153020070916
0.46866184575652503
0.8829277370447799
0.9796181216158879
0.6808420442656613
0.4924354078330082
0.8779680956491823
0.9237621726751344
0.400558475892865
0.27891147807317984
0.712127632624245
0.6018897328274734
0.8934170247931296
0.3214538740840981
0.9487138769106241
0.06775700148521469
0.9719150959465563
0.5422672851531875
0.13054148647593156
0.5172269920440401
0.35633358586427155
0.8467314266293503
0.4145823550354928
0.1549779140892742
